10 11 2
510 90 8
1010 657 12
1510 1511 13
2010 1881 13
2510 283 8
3010 3011 14
3510 3511 14
4010 2003 14
4510 4511 12
5010 1258 11
5510 3941 10
6010 5501 10
6510 4989 15
7010 7011 15
7510 7511 15
8010 2012 12
8510 8511 13
9010 1778 15
9510 9511 13
10010 10011 14
10510 8046 15
11010 8064 14
11510 11285 16
12010 12011 10
12510 9730 16
13010 4387 11
13510 13511 12
14010 14011 14
14510 14511 13
15010 5789 14
15510 15511 12
16010 16011 16
16510 16151 10
17010 3972 11
17510 7438 14
18010 4781 15
18510 18511 8
19010 17229 13
19510 11835 16
20010 18736 16
20510 7666 14
21010 21011 13
21510 21511 16
22010 22011 17
22510 18432 10
23010 16053 12
23510 16112 17
24010 24011 12
24510 24511 17
25010 4234 17
25510 18841 16
26010 5145 16
26510 22371 10
27010 7783 16
27510 17883 13
28010 18482 15
28510 22506 14
29010 29011 13
29510 16308 17
30010 4974 17
30510 30511 13
31010 31011 13
31510 6776 17
32010 12501 17
32510 32511 17
33010 33011 17
33510 602 13
34010 15157 17
34510 21574 18
35010 32815 14
35510 35511 15
36010 21311 17
36510 23351 14
37010 34580 14
37510 12222 13
38010 5254 15
38510 8544 18
39010 37824 17
39510 15408 11
40010 29133 17
40510 15940 14
41010 41011 14
41510 41511 17
42010 42011 18
42510 42092 14
43010 38805 18
43510 22163 18
44010 16654 14
44510 44511 13
45010 45011 16
45510 45511 16
46010 33470 14
46510 8734 18
47010 39153 18
47510 47511 16
48010 48011 10
48510 48511 18
49010 30861 14
49510 38383 14
50010 26223 18
50510 24337 14
51010 623 14
51510 43898 18
52010 52011 14
52510 17078 18
53010 48073 18
53510 47673 18
54010 54011 15
54510 54511 18
55010 24260 18
55510 55511 15
56010 54526 16
56510 56511 16
57010 25310 15
57510 57511 15
58010 23148 14
58510 21844 15
59010 15087 15
59510 53219 15
60010 60011 18
60510 36767 15
61010 61011 15
61510 38349 18
62010 62011 14
62510 18040 10
63010 63011 18
63510 17800 14
64010 2140 11
64510 40824 15
65010 65011 16
65510 42413 18
66010 66011 16
66510 26939 19
67010 43431 18
67510 66935 15
68010 52180 16
68510 60132 15
69010 482 18
69510 69511 16
70010 70011 18
70510 70511 16
71010 71011 18
71510 40553 18
72010 72011 18
72510 72511 16
73010 73011 15
73510 29651 18
74010 74011 18
74510 26969 18
75010 75011 16
75510 24971 16
76010 76011 15
76510 36815 18
77010 51987 14
77510 77511 18
78010 78011 16
78510 23847 15
79010 59461 15
79510 22229 15
80010 80011 15
80510 80511 19
81010 75020 15
81510 1102 19
82010 21786 13
82510 79499 16
83010 83011 12
83510 83511 15
84010 84011 15
84510 84511 19
85010 85011 19
85510 85511 19
86010 86011 19
86510 59367 12
87010 78232 14
87510 71651 19
88010 1019 12
88510 53732 19
89010 89011 15
89510 89511 17
90010 53307 19
90510 90511 17
91010 91011 16
91510 26377 16
92010 50317 16
92510 35606 16
93010 93011 13
93510 93511 16
94010 52532 16
94510 94511 15
95010 19723 19
95510 13131 15
96010 69883 19
96510 93964 17
97010 38103 15
97510 66440 18
98010 1034 18
98510 9928 19
99010 35297 14
99510 6474 14
